

dynamics_wheel
% BMS_dictionary_data

% decel_min=4*(mu_kinetic*pi*disk_abore^2*Rm*num_pads/4)*0/1161/0.334
% decel_max=4*(mu_kinetic*pi*disk_abore^2*Rm*num_pads/4)*BrkPrsMax/1161/0.334
% acel_max=450*7.94/1161/0.334
% 4.5e4/3

%%%%%%%%%%%   Driver
% tau=0.15;
% L=6;
% Kpt=20000;
% aR=200;
% bR=2.5;
% cR=.28;
% g=9.8;
% a=VEH.FrontAxlePositionfromCG;
% b=VEH.RearAxlePositionfromCG;
% m=VEH.Mass;
% Cy_f=2*0.7*4.5e4;%5000;
% Cy_r=2*0.7*4.5e4;%7000;
% I=VEH.YawMomentInertia;
% Ksteer=18;
% theta=45*pi/180;
% steerOut=1;
% rw=0.3345;
%%%%%%%%%%%%%%%%%%%%%%%%%%%%%%%%%%%%%%
Ndisks=4;
Reff_LSD=0.2;
Fc=500;
muc=[0.16 0.13 0.115 0.11 0.105 0.1025 0.10125];
dw=[0 10 20 40 60 80 100];
tauC_LSD=0.01;

k1=50000
b1=100
omega1_c=3000



%%%%%%%%%%%%%%%%%%%%%%%%%%%%%%%%%%%%%%%
Eb_init=54.28*1000*3600;
 lf=1.58;%VEH.FrontAxlePositionfromCG;
 lr=1.65;%VEH.RearAxlePositionfromCG;
 m=3152;%VEH.Mass;
 C_af=200000;%2*0.7*4.5e4;%5000;
 C_ar=200000;%2*0.7*4.5e4;%7000;
 Iz=3691;%VEH.YawMomentInertia;
 rw=0.419;%0.3345;
 Qc=4.8;
 N_s=31;
 N_p=96;
 SOC_list=[0.01 0.02 0.03 0.04 0.05 0.06 0.07 0.08 0.09 0.1 0.11 0.12 ...
            0.13 0.14 0.15 0.16 0.17 0.18 0.19 0.2 0.21 0.22 0.23 0.24 ...
            0.25 0.26 0.27 0.28 0.29 0.3 0.31 0.32 0.33 0.34 0.35 0.36 ...
            0.37 0.38 0.39 0.4 0.41 0.42 0.43 0.44 0.45 0.46 0.47 0.48 ...
            0.49 0.5 0.51 0.52 0.53 0.54 0.55 0.56 0.57 0.58 0.59 0.6 0.61 ...
            0.62 0.63 0.64 0.65 0.66 0.67 0.68 0.69 0.7 0.71 0.72 0.73 ...
            0.74 0.75 0.76 0.77 0.78 0.79 0.8 0.81 0.82 0.83 0.84 0.85 ...
            0.86 0.87 0.88 0.89 0.9 0.91 0.92 0.93 0.94 0.95 0.96 0.97 ...
            0.98 0.99 1];
 R_dis=[0.108383589577359,0.104276452250663,0.0975073630060557,0.0937501268832217,...
   0.0893819468578965,0.085464471367626,0.08175755280038,0.0789657156023766,...
   0.0763700410896049,0.0743500050394976,0.0728433546029721,0.0716898267238282,...
   0.0709947524858037,0.0701675330798173,0.0687296636498531,0.0673712307537144,...
   0.066215812656778,0.0650205672726791,0.0638581443118,0.0632667622677965,...
   0.0628323749302964,0.0619127995096651,0.0610362875653991,0.0603620203223802,...
   0.0596877530793609,0.0589554578065767,0.0582121279560432,0.0577538001128373,...
   0.0573051863053595,0.0568565724978818,0.0563566623767877,0.055788965071129,...
   0.0551527157042777,0.0546601636283963,0.0541676729953156,0.0536763090566326,...
   0.0531776059040765,0.0526119236645948,0.0520712300263528,0.0515036752143958,...
   0.0509361204024388,0.0503587926465561,0.0497811381187243,0.0494179007317461,...
   0.0491061102549,0.0488178197046287,0.0485440631684004,0.0482703066321726,...
   0.0479965500959447,0.0478381475470897,0.0477067926990284,0.0473712163371034,...
   0.0470356399751788,0.0467000636132555,0.0464310667647791,0.0463210072143654,...
   0.0462716139198203,0.0462222206252756,0.0462261199933538,0.0462489440940042,...
   0.0463125045945074,0.0462585966454419,0.046201922872132,0.046144488080849,...
   0.0458836890808221,0.0457208666912199,0.0456935258730669,0.0456707901856075,...
   0.0456480544981481,0.0455856361429716,0.0453236882021848,0.0450859495122442,...
   0.0448483295871047,0.0446107096619652,0.0444608967355156,0.0443618965142365,...
   0.0442474499230245,0.0441330033318126,0.0440185567406002,0.0437935866730954,...
   0.0434800673484186,0.0432636629093239,0.0431695542324042,0.0433145404237085,...
   0.043616651255713,0.0439115402259742,0.0443155176840522,0.0447170344474341,...
   0.0451426585495343,0.0455784262459233,0.0461653340876942,0.0463666936277911,...
   0.0465478472510501,0.0466774333752156,0.0460938543815081,0.045231226285297,...
   0.0442160431848739,0.0431407757562075,0.0415552249991693,0.0395514196760085,...
   ];
 V_ocv=[3.01162183959268, 3.08575650269622, 3.14177499163339, 3.18631823552003, ...
      3.22334954767724, 3.25390136234099, 3.27878869705109, 3.30070350874259, ...
      3.32118523630503, 3.33873222862982, 3.35681278765286, 3.3727103181478, ...
      3.38793252475269, 3.40246133852855, 3.41323877471787, 3.42274053961048, ...
      3.43230513033606, 3.44127066639713, 3.45046092538443, 3.46050021597496, ...
      3.47059444208772, 3.47754582201769, 3.48403887676592, 3.49083263175798, ...
      3.49762638675004, 3.50414427848956, 3.51006189737342, 3.51650779121088, ...
      3.52300031605604, 3.5294928409012, 3.53574150484027, 3.54126505716735, ...
      3.54599126111241, 3.55084210438451, 3.55569196094666, 3.56052372392349, ...
      3.56532059653064, 3.56979945432131, 3.57444121267711, 3.57904303346503, ...
      3.58364485425295, 3.58840361874736, 3.5931676308725, 3.59914045642067, ...
      3.60536834334135, 3.61166009904557, 3.61797346412467, 3.62428682920377, ...
      3.63060019428287, 3.63762035332317, 3.64493091713641, 3.65193784155324, ...
      3.65894476597006, 3.66595169038689, 3.67346631195551, 3.68205597286888, ...
      3.69093403907072, 3.69981210527255, 3.70876940774879, 3.71776352136613, ...
      3.72686785650522, 3.73538877817079, 3.74389655120326, 3.7524031927436, ...
      3.76046489817023, 3.76888762106825, 3.7779024493972, 3.78684332393235, ...
      3.7957841984675, 3.80453642296868, 3.81235798589345, 3.82032795054979, ...
      3.82829600796219, 3.83626406537459, 3.84436267545786, 3.8525073311682, ...
      3.86057855536852, 3.86864977956884, 3.87672100376915, 3.8849361052788, ...
      3.89310639828889, 3.90173837211625, 3.91095173577988, 3.92144530461468, ...
      3.93240377767841, 3.94373568413835, 3.95558619350771, 3.96743304428185, ...
      3.9792002957498, 3.99089798499065, 4.00334195302942, 4.01527114968024, ...
      4.0272843604214, 4.03909414300309, 4.04916289177822, 4.05870791988182, ...
      4.06775178122738, 4.07651000374835, 4.08674414955216, 4.1040722856973, ...
      ];
 Nd=12;%7.94;
 eta_inv=1;eta_i=1;


%%%%%% Battery
BattSocInit = 0.75;                                  
SOCInit = 0.75;
SOE_init=SOCInit;

BattChargeMax=4.8;

BattCapInit = SOCInit*BattChargeMax;%3.5999999999999996;


BattTempBp = [263.15 273.15 298.15 313.15];

CapLUTBp = [0.01 0.02 0.03 0.04 0.05 0.06 0.07 0.08 0.09 0.1 0.11 0.12 ...
            0.13 0.14 0.15 0.16 0.17 0.18 0.19 0.2 0.21 0.22 0.23 0.24 ...
            0.25 0.26 0.27 0.28 0.29 0.3 0.31 0.32 0.33 0.34 0.35 0.36 ...
            0.37 0.38 0.39 0.4 0.41 0.42 0.43 0.44 0.45 0.46 0.47 0.48 ...
            0.49 0.5 0.51 0.52 0.53 0.54 0.55 0.56 0.57 0.58 0.59 0.6 0.61 ...
            0.62 0.63 0.64 0.65 0.66 0.67 0.68 0.69 0.7 0.71 0.72 0.73 ...
            0.74 0.75 0.76 0.77 0.78 0.79 0.8 0.81 0.82 0.83 0.84 0.85 ...
            0.86 0.87 0.88 0.89 0.9 0.91 0.92 0.93 0.94 0.95 0.96 0.97 ...
            0.98 0.99 1];

CapSOCBp = [0.01 0.02 0.03 0.04 0.05 0.06 0.07 0.08 0.09 0.1 0.11 0.12 ...
            0.13 0.14 0.15 0.16 0.17 0.18 0.19 0.2 0.21 0.22 0.23 0.24 ...
            0.25 0.26 0.27 0.28 0.29 0.3 0.31 0.32 0.33 0.34 0.35 0.36 ...
            0.37 0.38 0.39 0.4 0.41 0.42 0.43 0.44 0.45 0.46 0.47 0.48 ...
            0.49 0.5 0.51 0.52 0.53 0.54 0.55 0.56 0.57 0.58 0.59 0.6 0.61 ...
            0.62 0.63 0.64 0.65 0.66 0.67 0.68 0.69 0.7 0.71 0.72 0.73 ...
            0.74 0.75 0.76 0.77 0.78 0.79 0.8 0.81 0.82 0.83 0.84 0.85 ...
            0.86 0.87 0.88 0.89 0.9 0.91 0.92 0.93 0.94 0.95 0.96 0.97 ...
            0.98 0.99 1];

